   3.7442275329999998e+07  -1.8315213649999999e+07  -6.6921885740000000e+06   1.4138200000000002e+03   2.6411199999999999e+03   6.8320000000000005e+02
   3.7443689050812744e+07  -1.8312572481480863e+07  -6.6915053562704278e+06   1.4136216242138128e+03   2.6412170359371971e+03   6.8323545854203644e+02
   3.7445102573245935e+07  -1.8309931215932783e+07  -6.6908221030841228e+06   1.4134232409353981e+03   2.6413140578818534e+03   6.8327091346434418e+02
   3.7446515897292115e+07  -1.8307289853369758e+07  -6.6901388144447058e+06   1.4132248501658069e+03   2.6414110658334548e+03   6.8330636476673556e+02
   3.7447929022943772e+07  -1.8304648393805780e+07  -6.6894554903557962e+06   1.4130264519060893e+03   2.6415080597914875e+03   6.8334181244902254e+02
   3.7449341950193420e+07  -1.8302006837254845e+07  -6.6887721308210138e+06   1.4128280461572958e+03   2.6416050397554368e+03   6.8337725651101721e+02
   3.7450754679033585e+07  -1.8299365183730938e+07  -6.6880887358439798e+06   1.4126296329204777e+03   2.6417020057247887e+03   6.8341269695253186e+02
   3.7452167209456772e+07  -1.8296723433248058e+07  -6.6874053054283150e+06   1.4124312121966850e+03   2.6417989576990294e+03   6.8344813377337846e+02
   3.7453579541455492e+07  -1.8294081585820202e+07  -6.6867218395776404e+06   1.4122327839869688e+03   2.6418958956776451e+03   6.8348356697336931e+02
   3.7454991675022252e+07  -1.8291439641461365e+07  -6.6860383382955762e+06   1.4120343482923797e+03   2.6419928196601218e+03   6.8351899655231659e+02
   3.7456403610149577e+07  -1.8288797600185543e+07  -6.6853548015857432e+06   1.4118359051139685e+03   2.6420897296459457e+03   6.8355442251003251e+02
   3.7457815346829988e+07  -1.8286155462006737e+07  -6.6846712294517644e+06   1.4116374544527857e+03   2.6421866256346029e+03   6.8358984484632936e+02
   3.7459226885055989e+07  -1.8283513226938941e+07  -6.6839876218972597e+06   1.4114389963098829e+03   2.6422835076255797e+03   6.8362526356101932e+02
   3.7460638224820107e+07  -1.8280870894996151e+07  -6.6833039789258502e+06   1.4112405306863106e+03   2.6423803756183629e+03   6.8366067865391483e+02
   3.7462049366114862e+07  -1.8278228466192368e+07  -6.6826203005411597e+06   1.4110420575831197e+03   2.6424772296124388e+03   6.8369609012482795e+02
   3.7463460308932774e+07  -1.8275585940541591e+07  -6.6819365867468081e+06   1.4108435770013612e+03   2.6425740696072935e+03   6.8373149797357121e+02
   3.7464871053266376e+07  -1.8272943318057820e+07  -6.6812528375464203e+06   1.4106450889420857e+03   2.6426708956024145e+03   6.8376690219995692e+02
   3.7466281599108174e+07  -1.8270300598755054e+07  -6.6805690529436171e+06   1.4104465934063453e+03   2.6427677075972883e+03   6.8380230280379726e+02
   3.7467691946450695e+07  -1.8267657782647297e+07  -6.6798852329420215e+06   1.4102480903951905e+03   2.6428645055914012e+03   6.8383769978490477e+02
   3.7469102095286474e+07  -1.8265014869748544e+07  -6.6792013775452552e+06   1.4100495799096723e+03   2.6429612895842406e+03   6.8387309314309186e+02
   3.7470512045608029e+07  -1.8262371860072795e+07  -6.6785174867569432e+06   1.4098510619508422e+03   2.6430580595752931e+03   6.8390848287817084e+02
   3.7471921797407888e+07  -1.8259728753634058e+07  -6.6778335605807072e+06   1.4096525365197513e+03   2.6431548155640457e+03   6.8394386898995413e+02
   3.7473331350678578e+07  -1.8257085550446332e+07  -6.6771495990201710e+06   1.4094540036174508e+03   2.6432515575499860e+03   6.8397925147825424e+02
   3.7474740705412634e+07  -1.8254442250523623e+07  -6.6764656020789593e+06   1.4092554632449919e+03   2.6433482855326010e+03   6.8401463034288361e+02
   3.7476149861602575e+07  -1.8251798853879936e+07  -6.6757815697606932e+06   1.4090569154034263e+03   2.6434449995113782e+03   6.8405000558365475e+02
   3.7477558819240950e+07  -1.8249155360529270e+07  -6.6750975020690002e+06   1.4088583600938050e+03   2.6435416994858037e+03   6.8408537720038021e+02
   3.7478967578320280e+07  -1.8246511770485632e+07  -6.6744133990075011e+06   1.4086597973171802e+03   2.6436383854553665e+03   6.8412074519287250e+02
   3.7480376138833098e+07  -1.8243868083763026e+07  -6.6737292605798226e+06   1.4084612270746024e+03   2.6437350574195530e+03   6.8415610956094406e+02
   3.7481784500771940e+07  -1.8241224300375462e+07  -6.6730450867895875e+06   1.4082626493671235e+03   2.6438317153778507e+03   6.8419147030440752e+02
   3.7483192664129347e+07  -1.8238580420336943e+07  -6.6723608776404224e+06   1.4080640641957953e+03   2.6439283593297473e+03   6.8422682742307541e+02
   3.7484600628897846e+07  -1.8235936443661474e+07  -6.6716766331359502e+06   1.4078654715616690e+03   2.6440249892747306e+03   6.8426218091676049e+02
   3.7486008395069979e+07  -1.8233292370363064e+07  -6.6709923532797983e+06   1.4076668714657960e+03   2.6441216052122886e+03   6.8429753078527528e+02
   3.7487415962638289e+07  -1.8230648200455718e+07  -6.6703080380755896e+06   1.4074682639092287e+03   2.6442182071419093e+03   6.8433287702843245e+02
   3.7488823331595309e+07  -1.8228003933953449e+07  -6.6696236875269497e+06   1.4072696488930183e+03   2.6443147950630801e+03   6.8436821964604462e+02
   3.7490230501933590e+07  -1.8225359570870265e+07  -6.6689393016375052e+06   1.4070710264182167e+03   2.6444113689752890e+03   6.8440355863792456e+02
   3.7491637473645665e+07  -1.8222715111220174e+07  -6.6682548804108817e+06   1.4068723964858755e+03   2.6445079288780244e+03   6.8443889400388480e+02
   3.7493044246724077e+07  -1.8220070555017181e+07  -6.6675704238507049e+06   1.4066737590970467e+03   2.6446044747707747e+03   6.8447422574373820e+02
   3.7494450821161374e+07  -1.8217425902275302e+07  -6.6668859319606014e+06   1.4064751142527821e+03   2.6447010066530274e+03   6.8450955385729742e+02
   3.7495857196950100e+07  -1.8214781153008543e+07  -6.6662014047441976e+06   1.4062764619541340e+03   2.6447975245242710e+03   6.8454487834437532e+02
   3.7497263374082796e+07  -1.8212136307230920e+07  -6.6655168422051203e+06   1.4060778022021539e+03   2.6448940283839938e+03   6.8458019920478455e+02
   3.7498669352552012e+07  -1.8209491364956442e+07  -6.6648322443469968e+06   1.4058791349978937e+03   2.6449905182316847e+03   6.8461551643833798e+02
   3.7500075132350303e+07  -1.8206846326199125e+07  -6.6641476111734528e+06   1.4056804603424055e+03   2.6450869940668322e+03   6.8465083004484836e+02
   3.7501480713470221e+07  -1.8204201190972980e+07  -6.6634629426881159e+06   1.4054817782367415e+03   2.6451834558889241e+03   6.8468614002412869e+02
   3.7502886095904298e+07  -1.8201555959292021e+07  -6.6627782388946135e+06   1.4052830886819538e+03   2.6452799036974493e+03   6.8472144637599160e+02
   3.7504291279645093e+07  -1.8198910631170258e+07  -6.6620934997965740e+06   1.4050843916790943e+03   2.6453763374918972e+03   6.8475674910025020e+02
   3.7505696264685169e+07  -1.8196265206621706e+07  -6.6614087253976231e+06   1.4048856872292156e+03   2.6454727572717557e+03   6.8479204819671725e+02
   3.7507101051017068e+07  -1.8193619685660385e+07  -6.6607239157013893e+06   1.4046869753333694e+03   2.6455691630365141e+03   6.8482734366520549e+02
   3.7508505638633355e+07  -1.8190974068300307e+07  -6.6600390707115009e+06   1.4044882559926082e+03   2.6456655547856617e+03   6.8486263550552826e+02
   3.7509910027526580e+07  -1.8188328354555484e+07  -6.6593541904315874e+06   1.4042895292079843e+03   2.6457619325186870e+03   6.8489792371749820e+02
   3.7511314217689291e+07  -1.8185682544439934e+07  -6.6586692748652752e+06   1.4040907949805501e+03   2.6458582962350793e+03   6.8493320830092830e+02
   3.7512718209114052e+07  -1.8183036637967680e+07  -6.6579843240161948e+06   1.4038920533113580e+03   2.6459546459343278e+03   6.8496848925563165e+02
   3.7514122001793429e+07  -1.8180390635152735e+07  -6.6572993378879745e+06   1.4036933042014605e+03   2.6460509816159215e+03   6.8500376658142125e+02
   3.7515525595719971e+07  -1.8177744536009122e+07  -6.6566143164842417e+06   1.4034945476519097e+03   2.6461473032793501e+03   6.8503904027810995e+02
   3.7516928990886249e+07  -1.8175098340550847e+07  -6.6559292598086270e+06   1.4032957836637581e+03   2.6462436109241025e+03   6.8507431034551098e+02
   3.7518332187284820e+07  -1.8172452048791945e+07  -6.6552441678647604e+06   1.4030970122380586e+03   2.6463399045496690e+03   6.8510957678343732e+02
   3.7519735184908248e+07  -1.8169805660746425e+07  -6.6545590406562705e+06   1.4028982333758636e+03   2.6464361841555383e+03   6.8514483959170218e+02
   3.7521137983749092e+07  -1.8167159176428307e+07  -6.6538738781867865e+06   1.4026994470782258e+03   2.6465324497412003e+03   6.8518009877011843e+02
   3.7522540583799928e+07  -1.8164512595851611e+07  -6.6531886804599389e+06   1.4025006533461974e+03   2.6466287013061446e+03   6.8521535431849952e+02
   3.7523942985053308e+07  -1.8161865919030365e+07  -6.6525034474793598e+06   1.4023018521808315e+03   2.6467249388498612e+03   6.8525060623665820e+02
   3.7525345187501810e+07  -1.8159219145978585e+07  -6.6518181792486766e+06   1.4021030435831808e+03   2.6468211623718398e+03   6.8528585452440791e+02
   3.7526747191137999e+07  -1.8156572276710298e+07  -6.6511328757715216e+06   1.4019042275542981e+03   2.6469173718715701e+03   6.8532109918156186e+02
   3.7528148995954446e+07  -1.8153925311239522e+07  -6.6504475370515240e+06   1.4017054040952360e+03   2.6470135673485424e+03   6.8535634020793316e+02
   3.7529550601943709e+07  -1.8151278249580279e+07  -6.6497621630923161e+06   1.4015065732070475e+03   2.6471097488022469e+03   6.8539157760333501e+02
   3.7530952009098373e+07  -1.8148631091746595e+07  -6.6490767538975282e+06   1.4013077348907857e+03   2.6472059162321734e+03   6.8542681136758051e+02
   3.7532353217411011e+07  -1.8145983837752491e+07  -6.6483913094707914e+06   1.4011088891475031e+03   2.6473020696378126e+03   6.8546204150048311e+02
   3.7533754226874188e+07  -1.8143336487611990e+07  -6.6477058298157370e+06   1.4009100359782528e+03   2.6473982090186541e+03   6.8549726800185590e+02
   3.7535155037480488e+07  -1.8140689041339122e+07  -6.6470203149359971e+06   1.4007111753840879e+03   2.6474943343741884e+03   6.8553249087151244e+02
   3.7536555649222478e+07  -1.8138041498947915e+07  -6.6463347648352031e+06   1.4005123073660616e+03   2.6475904457039060e+03   6.8556771010926593e+02
   3.7537956062092744e+07  -1.8135393860452387e+07  -6.6456491795169888e+06   1.4003134319252267e+03   2.6476865430072976e+03   6.8560292571492971e+02
   3.7539356276083857e+07  -1.8132746125866573e+07  -6.6449635589849846e+06   1.4001145490626363e+03   2.6477826262838535e+03   6.8563813768831722e+02
   3.7540756291188397e+07  -1.8130098295204494e+07  -6.6442779032428237e+06   1.3999156587793439e+03   2.6478786955330647e+03   6.8567334602924154e+02
   3.7542156107398950e+07  -1.8127450368480183e+07  -6.6435922122941380e+06   1.3997167610764025e+03   2.6479747507544221e+03   6.8570855073751636e+02
   3.7543555724708088e+07  -1.8124802345707666e+07  -6.6429064861425599e+06   1.3995178559548651e+03   2.6480707919474162e+03   6.8574375181295477e+02
   3.7544955143108390e+07  -1.8122154226900965e+07  -6.6422207247917233e+06   1.3993189434157855e+03   2.6481668191115377e+03   6.8577894925537055e+02
   3.7546354362592436e+07  -1.8119506012074113e+07  -6.6415349282452604e+06   1.3991200234602168e+03   2.6482628322462774e+03   6.8581414306457691e+02
   3.7547753383152828e+07  -1.8116857701241147e+07  -6.6408490965068052e+06   1.3989210960892124e+03   2.6483588313511268e+03   6.8584933324038741e+02
   3.7549152204782143e+07  -1.8114209294416089e+07  -6.6401632295799907e+06   1.3987221613038255e+03   2.6484548164255766e+03   6.8588451978261548e+02
   3.7550550827472962e+07  -1.8111560791612968e+07  -6.6394773274684511e+06   1.3985232191051095e+03   2.6485507874691184e+03   6.8591970269107480e+02
   3.7551949251217872e+07  -1.8108912192845821e+07  -6.6387913901758203e+06   1.3983242694941180e+03   2.6486467444812429e+03   6.8595488196557869e+02
   3.7553347476009466e+07  -1.8106263498128682e+07  -6.6381054177057315e+06   1.3981253124719044e+03   2.6487426874614416e+03   6.8599005760594082e+02
   3.7554745501840346e+07  -1.8103614707475577e+07  -6.6374194100618195e+06   1.3979263480395223e+03   2.6488386164092058e+03   6.8602522961197462e+02
   3.7556143328703076e+07  -1.8100965820900541e+07  -6.6367333672477184e+06   1.3977273761980255e+03   2.6489345313240278e+03   6.8606039798349389e+02
   3.7557540956590265e+07  -1.8098316838417605e+07  -6.6360472892670641e+06   1.3975283969484676e+03   2.6490304322053989e+03   6.8609556272031216e+02
   3.7558938385494500e+07  -1.8095667760040808e+07  -6.6353611761234906e+06   1.3973294102919021e+03   2.6491263190528098e+03   6.8613072382224289e+02
   3.7560335615408376e+07  -1.8093018585784186e+07  -6.6346750278206319e+06   1.3971304162293827e+03   2.6492221918657528e+03   6.8616588128909984e+02
   3.7561732646324493e+07  -1.8090369315661762e+07  -6.6339888443621248e+06   1.3969314147619634e+03   2.6493180506437197e+03   6.8620103512069670e+02
   3.7563129478235438e+07  -1.8087719949687574e+07  -6.6333026257516034e+06   1.3967324058906977e+03   2.6494138953862025e+03   6.8623618531684713e+02
   3.7564526111133814e+07  -1.8085070487875666e+07  -6.6326163719927035e+06   1.3965333896166399e+03   2.6495097260926927e+03   6.8627133187736479e+02
   3.7565922545012206e+07  -1.8082420930240072e+07  -6.6319300830890611e+06   1.3963343659408431e+03   2.6496055427626825e+03   6.8630647480206335e+02
   3.7567318779863231e+07  -1.8079771276794821e+07  -6.6312437590443119e+06   1.3961353348643618e+03   2.6497013453956642e+03   6.8634161409075659e+02
   3.7568714815679476e+07  -1.8077121527553957e+07  -6.6305573998620920e+06   1.3959362963882500e+03   2.6497971339911296e+03   6.8637674974325842e+02
   3.7570110652453542e+07  -1.8074471682531517e+07  -6.6298710055460380e+06   1.3957372505135613e+03   2.6498929085485711e+03   6.8641188175938237e+02
   3.7571506290178038e+07  -1.8071821741741538e+07  -6.6291845760997869e+06   1.3955381972413500e+03   2.6499886690674807e+03   6.8644701013894235e+02
   3.7572901728845567e+07  -1.8069171705198061e+07  -6.6284981115269735e+06   1.3953391365726702e+03   2.6500844155473510e+03   6.8648213488175224e+02
   3.7574296968448721e+07  -1.8066521572915126e+07  -6.6278116118312366e+06   1.3951400685085757e+03   2.6501801479876744e+03   6.8651725598762573e+02
   3.7575692008980110e+07  -1.8063871344906762e+07  -6.6271250770162120e+06   1.3949409930501211e+03   2.6502758663879431e+03   6.8655237345637693e+02
   3.7577086850432351e+07  -1.8061221021187022e+07  -6.6264385070855366e+06   1.3947419101983601e+03   2.6503715707476499e+03   6.8658748728781939e+02
   3.7578481492798038e+07  -1.8058570601769947e+07  -6.6257519020428490e+06   1.3945428199543474e+03   2.6504672610662874e+03   6.8662259748176712e+02
   3.7579875936069794e+07  -1.8055920086669568e+07  -6.6250652618917869e+06   1.3943437223191370e+03   2.6505629373433489e+03   6.8665770403803401e+02
   3.7581270180240214e+07  -1.8053269475899938e+07  -6.6243785866359863e+06   1.3941446172937831e+03   2.6506585995783271e+03   6.8669280695643408e+02
   3.7582664225301914e+07  -1.8050618769475091e+07  -6.6236918762790868e+06   1.3939455048793404e+03   2.6507542477707143e+03   6.8672790623678122e+02
   3.7584058071247503e+07  -1.8047967967409074e+07  -6.6230051308247251e+06   1.3937463850768629e+03   2.6508498819200036e+03   6.8676300187888944e+02
   3.7585451718069598e+07  -1.8045317069715932e+07  -6.6223183502765410e+06   1.3935472578874053e+03   2.6509455020256883e+03   6.8679809388257263e+02
   3.7586845165760815e+07  -1.8042666076409705e+07  -6.6216315346381739e+06   1.3933481233120217e+03   2.6510411080872614e+03   6.8683318224764491e+02
   3.7588238414313763e+07  -1.8040014987504441e+07  -6.6209446839132598e+06   1.3931489813517669e+03   2.6511367001042158e+03   6.8686826697392019e+02
   3.7589631463721059e+07  -1.8037363803014178e+07  -6.6202577981054382e+06   1.3929498320076952e+03   2.6512322780760446e+03   6.8690334806121268e+02
   3.7591024313975312e+07  -1.8034712522952966e+07  -6.6195708772183498e+06   1.3927506752808615e+03   2.6513278420022421e+03   6.8693842550933630e+02
   3.7592416965069160e+07  -1.8032061147334855e+07  -6.6188839212556323e+06   1.3925515111723200e+03   2.6514233918823015e+03   6.8697349931810504e+02
   3.7593809416995205e+07  -1.8029409676173884e+07  -6.6181969302209271e+06   1.3923523396831258e+03   2.6515189277157156e+03   6.8700856948733326e+02
   3.7595201669746064e+07  -1.8026758109484103e+07  -6.6175099041178711e+06   1.3921531608143337e+03   2.6516144495019776e+03   6.8704363601683485e+02
   3.7596593723314367e+07  -1.8024106447279561e+07  -6.6168228429501047e+06   1.3919539745669979e+03   2.6517099572405823e+03   6.8707869890642405e+02
   3.7597985577692732e+07  -1.8021454689574305e+07  -6.6161357467212714e+06   1.3917547809421735e+03   2.6518054509310232e+03   6.8711375815591509e+02
   3.7599377232873790e+07  -1.8018802836382382e+07  -6.6154486154350080e+06   1.3915555799409151e+03   2.6519009305727936e+03   6.8714881376512199e+02
   3.7600768688850157e+07  -1.8016150887717839e+07  -6.6147614490949549e+06   1.3913563715642777e+03   2.6519963961653875e+03   6.8718386573385908e+02
   3.7602159945614457e+07  -1.8013498843594730e+07  -6.6140742477047537e+06   1.3911571558133160e+03   2.6520918477082987e+03   6.8721891406194061e+02
   3.7603551003159322e+07  -1.8010846704027105e+07  -6.6133870112680448e+06   1.3909579326890851e+03   2.6521872852010210e+03   6.8725395874918070e+02
   3.7604941861477382e+07  -1.8008194469029013e+07  -6.6126997397884689e+06   1.3907587021926402e+03   2.6522827086430489e+03   6.8728899979539381e+02
   3.7606332520561256e+07  -1.8005542138614502e+07  -6.6120124332696674e+06   1.3905594643250361e+03   2.6523781180338765e+03   6.8732403720039406e+02
   3.7607722980403580e+07  -1.8002889712797627e+07  -6.6113250917152809e+06   1.3903602190873273e+03   2.6524735133729982e+03   6.8735907096399558e+02
   3.7609113240996979e+07  -1.8000237191592444e+07  -6.6106377151289517e+06   1.3901609664805699e+03   2.6525688946599075e+03   6.8739410108601294e+02
   3.7610503302334085e+07  -1.7997584575012993e+07  -6.6099503035143223e+06   1.3899617065058183e+03   2.6526642618940991e+03   6.8742912756626038e+02
   3.7611893164407529e+07  -1.7994931863073342e+07  -6.6092628568750331e+06   1.3897624391641282e+03   2.6527596150750683e+03   6.8746415040455224e+02
   3.7613282827209957e+07  -1.7992279055787534e+07  -6.6085753752147267e+06   1.3895631644565542e+03   2.6528549542023088e+03   6.8749916960070288e+02
   3.7614672290733993e+07  -1.7989626153169625e+07  -6.6078878585370453e+06   1.3893638823841518e+03   2.6529502792753151e+03   6.8753418515452677e+02
   3.7616061554972269e+07  -1.7986973155233666e+07  -6.6072003068456315e+06   1.3891645929479764e+03   2.6530455902935823e+03   6.8756919706583835e+02
   3.7617450619917430e+07  -1.7984320061993718e+07  -6.6065127201441284e+06   1.3889652961490833e+03   2.6531408872566044e+03   6.8760420533445199e+02
   3.7618839485562116e+07  -1.7981666873463836e+07  -6.6058250984361768e+06   1.3887659919885277e+03   2.6532361701638774e+03   6.8763920996018203e+02
   3.7620228151898958e+07  -1.7979013589658074e+07  -6.6051374417254217e+06   1.3885666804673649e+03   2.6533314390148953e+03   6.8767421094284316e+02
   3.7621616618920602e+07  -1.7976360210590489e+07  -6.6044497500155047e+06   1.3883673615866508e+03   2.6534266938091537e+03   6.8770920828224962e+02
   3.7623004886619680e+07  -1.7973706736275136e+07  -6.6037620233100699e+06   1.3881680353474405e+03   2.6535219345461473e+03   6.8774420197821610e+02
   3.7624392954988837e+07  -1.7971053166726083e+07  -6.6030742616127618e+06   1.3879687017507897e+03   2.6536171612253715e+03   6.8777919203055706e+02
   3.7625780824020721e+07  -1.7968399501957376e+07  -6.6023864649272235e+06   1.3877693607977537e+03   2.6537123738463206e+03   6.8781417843908696e+02
   3.7627168493707970e+07  -1.7965745741983078e+07  -6.6016986332570976e+06   1.3875700124893885e+03   2.6538075724084902e+03   6.8784916120362050e+02
   3.7628555964043237e+07  -1.7963091886817243e+07  -6.6010107666060301e+06   1.3873706568267494e+03   2.6539027569113764e+03   6.8788414032397213e+02
   3.7629943235019170e+07  -1.7960437936473936e+07  -6.6003228649776652e+06   1.3871712938108924e+03   2.6539979273544736e+03   6.8791911579995656e+02
   3.7631330306628406e+07  -1.7957783890967216e+07  -6.5996349283756465e+06   1.3869719234428726e+03   2.6540930837372775e+03   6.8795408763138835e+02
   3.7632717178863600e+07  -1.7955129750311151e+07  -6.5989469568036180e+06   1.3867725457237464e+03   2.6541882260592847e+03   6.8798905581808231e+02
   3.7634103851717398e+07  -1.7952475514519788e+07  -6.5982589502652250e+06   1.3865731606545692e+03   2.6542833543199895e+03   6.8802402035985301e+02
   3.7635490325182453e+07  -1.7949821183607198e+07  -6.5975709087641137e+06   1.3863737682363969e+03   2.6543784685188880e+03   6.8805898125651504e+02
   3.7636876599251412e+07  -1.7947166757587440e+07  -6.5968828323039282e+06   1.3861743684702858e+03   2.6544735686554759e+03   6.8809393850788331e+02
   3.7638262673916943e+07  -1.7944512236474574e+07  -6.5961947208883138e+06   1.3859749613572912e+03   2.6545686547292498e+03   6.8812889211377217e+02
   3.7639648549171679e+07  -1.7941857620282669e+07  -6.5955065745209157e+06   1.3857755468984690e+03   2.6546637267397050e+03   6.8816384207399665e+02
   3.7641034225008287e+07  -1.7939202909025781e+07  -6.5948183932053801e+06   1.3855761250948756e+03   2.6547587846863375e+03   6.8819878838837144e+02
   3.7642419701419421e+07  -1.7936548102717981e+07  -6.5941301769453548e+06   1.3853766959475670e+03   2.6548538285686436e+03   6.8823373105671112e+02
   3.7643804978397734e+07  -1.7933893201373335e+07  -6.5934419257444832e+06   1.3851772594575989e+03   2.6549488583861194e+03   6.8826867007883072e+02
   3.7645190055935889e+07  -1.7931238205005903e+07  -6.5927536396064125e+06   1.3849778156260279e+03   2.6550438741382609e+03   6.8830360545454505e+02
   3.7646574934026539e+07  -1.7928583113629747e+07  -6.5920653185347896e+06   1.3847783644539097e+03   2.6551388758245644e+03   6.8833853718366902e+02
   3.7647959612662345e+07  -1.7925927927258942e+07  -6.5913769625332607e+06   1.3845789059423005e+03   2.6552338634445264e+03   6.8837346526601732e+02
   3.7649344091835968e+07  -1.7923272645907551e+07  -6.5906885716054728e+06   1.3843794400922570e+03   2.6553288369976435e+03   6.8840838970140487e+02
   3.7650728371540084e+07  -1.7920617269589636e+07  -6.5900001457550731e+06   1.3841799669048351e+03   2.6554237964834119e+03   6.8844331048964659e+02
   3.7652112451767340e+07  -1.7917961798319273e+07  -6.5893116849857094e+06   1.3839804863810909e+03   2.6555187419013287e+03   6.8847822763055740e+02
   3.7653496332510404e+07  -1.7915306232110523e+07  -6.5886231893010279e+06   1.3837809985220811e+03   2.6556136732508903e+03   6.8851314112395210e+02
   3.7654880013761938e+07  -1.7912650570977457e+07  -6.5879346587046776e+06   1.3835815033288620e+03   2.6557085905315935e+03   6.8854805096964571e+02
   3.7656263495514609e+07  -1.7909994814934146e+07  -6.5872460932003045e+06   1.3833820008024900e+03   2.6558034937429352e+03   6.8858295716745329e+02
   3.7657646777761094e+07  -1.7907338963994656e+07  -6.5865574927915586e+06   1.3831824909440215e+03   2.6558983828844121e+03   6.8861785971718973e+02
   3.7659029860494055e+07  -1.7904683018173065e+07  -6.5858688574820869e+06   1.3829829737545131e+03   2.6559932579555211e+03   6.8865275861866996e+02
   3.7660412743706159e+07  -1.7902026977483436e+07  -6.5851801872755373e+06   1.3827834492350210e+03   2.6560881189557595e+03   6.8868765387170924e+02
   3.7661795427390084e+07  -1.7899370841939844e+07  -6.5844914821755597e+06   1.3825839173866020e+03   2.6561829658846241e+03   6.8872254547612238e+02
   3.7663177911538497e+07  -1.7896714611556359e+07  -6.5838027421858013e+06   1.3823843782103127e+03   2.6562777987416125e+03   6.8875743343172462e+02
   3.7664560196144067e+07  -1.7894058286347058e+07  -6.5831139673099117e+06   1.3821848317072097e+03   2.6563726175262213e+03   6.8879231773833101e+02
   3.7665942281199470e+07  -1.7891401866326004e+07  -6.5824251575515410e+06   1.3819852778783497e+03   2.6564674222379490e+03   6.8882719839575657e+02
   3.7667324166697375e+07  -1.7888745351507273e+07  -6.5817363129143370e+06   1.3817857167247898e+03   2.6565622128762921e+03   6.8886207540381668e+02
   3.7668705852630474e+07  -1.7886088741904940e+07  -6.5810474334019497e+06   1.3815861482475859e+03   2.6566569894407480e+03   6.8889694876232613e+02
   3.7670087338991426e+07  -1.7883432037533082e+07  -6.5803585190180279e+06   1.3813865724477955e+03   2.6567517519308149e+03   6.8893181847110031e+02
   3.7671468625772923e+07  -1.7880775238405768e+07  -6.5796695697662225e+06   1.3811869893264750e+03   2.6568465003459901e+03   6.8896668452995448e+02
   3.7672849712967634e+07  -1.7878118344537079e+07  -6.5789805856501833e+06   1.3809873988846819e+03   2.6569412346857712e+03   6.8900154693870343e+02
   3.7674230600568250e+07  -1.7875461355941091e+07  -6.5782915666735619e+06   1.3807878011234723e+03   2.6570359549496561e+03   6.8903640569716288e+02
   3.7675611288567446e+07  -1.7872804272631876e+07  -6.5776025128400065e+06   1.3805881960439037e+03   2.6571306611371429e+03   6.8907126080514774e+02
   3.7676991776957899e+07  -1.7870147094623510e+07  -6.5769134241531678e+06   1.3803885836470331e+03   2.6572253532477293e+03   6.8910611226247329e+02
   3.7678372065732300e+07  -1.7867489821930073e+07  -6.5762243006166974e+06   1.3801889639339174e+03   2.6573200312809131e+03   6.8914096006895488e+02
   3.7679752154883325e+07  -1.7864832454565641e+07  -6.5755351422342472e+06   1.3799893369056138e+03   2.6574146952361925e+03   6.8917580422440778e+02
   3.7681132044403672e+07  -1.7862174992544297e+07  -6.5748459490094669e+06   1.3797897025631792e+03   2.6575093451130660e+03   6.8921064472864737e+02
   3.7682511734286018e+07  -1.7859517435880110e+07  -6.5741567209460074e+06   1.3795900609076709e+03   2.6576039809110316e+03   6.8924548158148889e+02
   3.7683891224523053e+07  -1.7856859784587167e+07  -6.5734674580475213e+06   1.3793904119401461e+03   2.6576986026295876e+03   6.8928031478274784e+02
   3.7685270515107453e+07  -1.7854202038679544e+07  -6.5727781603176594e+06   1.3791907556616620e+03   2.6577932102682321e+03   6.8931514433223970e+02
   3.7686649606031932e+07  -1.7851544198171325e+07  -6.5720888277600743e+06   1.3789910920732757e+03   2.6578878038264638e+03   6.8934997022977973e+02
   3.7688028497289166e+07  -1.7848886263076585e+07  -6.5713994603784177e+06   1.3787914211760449e+03   2.6579823833037813e+03   6.8938479247518308e+02
   3.7689407188871846e+07  -1.7846228233409412e+07  -6.5707100581763405e+06   1.3785917429710266e+03   2.6580769486996833e+03   6.8941961106826545e+02
   3.7690785680772677e+07  -1.7843570109183881e+07  -6.5700206211574972e+06   1.3783920574592785e+03   2.6581715000136692e+03   6.8945442600884235e+02
   3.7692163972984329e+07  -1.7840911890414082e+07  -6.5693311493255394e+06   1.3781923646418575e+03   2.6582660372452369e+03   6.8948923729672902e+02
   3.7693542065499522e+07  -1.7838253577114083e+07  -6.5686416426841207e+06   1.3779926645198213e+03   2.6583605603938850e+03   6.8952404493174095e+02
   3.7694919958310939e+07  -1.7835595169297982e+07  -6.5679521012368929e+06   1.3777929570942276e+03   2.6584550694591126e+03   6.8955884891369385e+02
   3.7696297651411273e+07  -1.7832936666979857e+07  -6.5672625249875104e+06   1.3775932423661338e+03   2.6585495644404191e+03   6.8959364924240333e+02
   3.7697675144793242e+07  -1.7830278070173793e+07  -6.5665729139396260e+06   1.3773935203365972e+03   2.6586440453373034e+03   6.8962844591768476e+02
   3.7699052438449524e+07  -1.7827619378893875e+07  -6.5658832680968931e+06   1.3771937910066761e+03   2.6587385121492639e+03   6.8966323893935373e+02
   3.7700429532372825e+07  -1.7824960593154188e+07  -6.5651935874629645e+06   1.3769940543774276e+03   2.6588329648758008e+03   6.8969802830722563e+02
   3.7701806426555850e+07  -1.7822301712968823e+07  -6.5645038720414955e+06   1.3767943104499095e+03   2.6589274035164131e+03   6.8973281402111638e+02
   3.7703183120991290e+07  -1.7819642738351855e+07  -6.5638141218361408e+06   1.3765945592251796e+03   2.6590218280705990e+03   6.8976759608084149e+02
   3.7704559615671873e+07  -1.7816983669317376e+07  -6.5631243368505519e+06   1.3763948007042957e+03   2.6591162385378598e+03   6.8980237448621654e+02
   3.7705935910590276e+07  -1.7814324505879477e+07  -6.5624345170883862e+06   1.3761950348883156e+03   2.6592106349176938e+03   6.8983714923705725e+02
   3.7707312005739219e+07  -1.7811665248052236e+07  -6.5617446625532964e+06   1.3759952617782972e+03   2.6593050172096009e+03   6.8987192033317933e+02
   3.7708687901111402e+07  -1.7809005895849749e+07  -6.5610547732489379e+06   1.3757954813752981e+03   2.6593993854130813e+03   6.8990668777439851e+02
   3.7710063596699536e+07  -1.7806346449286103e+07  -6.5603648491789661e+06   1.3755956936803761e+03   2.6594937395276343e+03   6.8994145156053048e+02
   3.7711439092496336e+07  -1.7803686908375390e+07  -6.5596748903470356e+06   1.3753958986945897e+03   2.6595880795527587e+03   6.8997621169139097e+02
   3.7712814388494499e+07  -1.7801027273131695e+07  -6.5589848967568018e+06   1.3751960964189968e+03   2.6596824054879557e+03   6.9001096816679581e+02
   3.7714189484686740e+07  -1.7798367543569114e+07  -6.5582948684119210e+06   1.3749962868546552e+03   2.6597767173327252e+03   6.9004572098656070e+02
   3.7715564381065771e+07  -1.7795707719701733e+07  -6.5576048053160468e+06   1.3747964700026230e+03   2.6598710150865668e+03   6.9008047015050147e+02
   3.7716939077624314e+07  -1.7793047801543642e+07  -6.5569147074728375e+06   1.3745966458639587e+03   2.6599652987489803e+03   6.9011521565843384e+02
   3.7718313574355066e+07  -1.7790387789108936e+07  -6.5562245748859476e+06   1.3743968144397199e+03   2.6600595683194670e+03   6.9014995751017375e+02
   3.7719687871250764e+07  -1.7787727682411704e+07  -6.5555344075590353e+06   1.3741969757309651e+03   2.6601538237975255e+03   6.9018469570553691e+02
   3.7721061968304105e+07  -1.7785067481466040e+07  -6.5548442054957552e+06   1.3739971297387522e+03   2.6602480651826577e+03   6.9021943024433961e+02
   3.7722435865507819e+07  -1.7782407186286040e+07  -6.5541539686997645e+06   1.3737972764641399e+03   2.6603422924743636e+03   6.9025416112639743e+02
   3.7723809562854618e+07  -1.7779746796885792e+07  -6.5534636971747214e+06   1.3735974159081863e+03   2.6604365056721431e+03   6.9028888835152623e+02
   3.7725183060337216e+07  -1.7777086313279398e+07  -6.5527733909242814e+06   1.3733975480719503e+03   2.6605307047754968e+03   6.9032361191954203e+02
   3.7726556357948333e+07  -1.7774425735480942e+07  -6.5520830499521019e+06   1.3731976729564894e+03   2.6606248897839259e+03   6.9035833183026079e+02
   3.7727929455680698e+07  -1.7771765063504528e+07  -6.5513926742618401e+06   1.3729977905628627e+03   2.6607190606969307e+03   6.9039304808349846e+02
   3.7729302353527039e+07  -1.7769104297364250e+07  -6.5507022638571532e+06   1.3727979008921284e+03   2.6608132175140117e+03   6.9042776067907118e+02
   3.7730675051480062e+07  -1.7766443437074199e+07  -6.5500118187417015e+06   1.3725980039453448e+03   2.6609073602346703e+03   6.9046246961679469e+02
   3.7732047549532503e+07  -1.7763782482648477e+07  -6.5493213389191395e+06   1.3723980997235708e+03   2.6610014888584069e+03   6.9049717489648515e+02
   3.7733419847677089e+07  -1.7761121434101183e+07  -6.5486308243931262e+06   1.3721981882278651e+03   2.6610956033847228e+03   6.9053187651795872e+02
   3.7734791945906535e+07  -1.7758460291446406e+07  -6.5479402751673218e+06   1.3719982694592861e+03   2.6611897038131192e+03   6.9056657448103158e+02
   3.7736163844213583e+07  -1.7755799054698255e+07  -6.5472496912453827e+06   1.3717983434188923e+03   2.6612837901430971e+03   6.9060126878551944e+02
   3.7737535542590953e+07  -1.7753137723870818e+07  -6.5465590726309689e+06   1.3715984101077422e+03   2.6613778623741578e+03   6.9063595943123858e+02
   3.7738907041031376e+07  -1.7750476298978202e+07  -6.5458684193277396e+06   1.3713984695268950e+03   2.6614719205058022e+03   6.9067064641800516e+02
   3.7740278339527585e+07  -1.7747814780034505e+07  -6.5451777313393522e+06   1.3711985216774096e+03   2.6615659645375326e+03   6.9070532974563537e+02
   3.7741649438072309e+07  -1.7745153167053826e+07  -6.5444870086694667e+06   1.3709985665603444e+03   2.6616599944688492e+03   6.9074000941394524e+02
   3.7743020336658277e+07  -1.7742491460050270e+07  -6.5437962513217432e+06   1.3707986041767585e+03   2.6617540102992543e+03   6.9077468542275119e+02
   3.7744391035278231e+07  -1.7739829659037933e+07  -6.5431054592998400e+06   1.3705986345277108e+03   2.6618480120282488e+03   6.9080935777186914e+02
   3.7745761533924900e+07  -1.7737167764030918e+07  -6.5424146326074181e+06   1.3703986576142602e+03   2.6619419996553356e+03   6.9084402646111550e+02
   3.7747131832591027e+07  -1.7734505775043327e+07  -6.5417237712481376e+06   1.3701986734374652e+03   2.6620359731800154e+03   6.9087869149030655e+02
   3.7748501931269348e+07  -1.7731843692089263e+07  -6.5410328752256567e+06   1.3699986819983856e+03   2.6621299326017906e+03   6.9091335285925857e+02
   3.7749871829952598e+07  -1.7729181515182827e+07  -6.5403419445436383e+06   1.3697986832980796e+03   2.6622238779201625e+03   6.9094801056778749e+02
   3.7751241528633527e+07  -1.7726519244338129e+07  -6.5396509792057415e+06   1.3695986773376071e+03   2.6623178091346340e+03   6.9098266461570984e+02
   3.7752611027304858e+07  -1.7723856879569262e+07  -6.5389599792156275e+06   1.3693986641180268e+03   2.6624117262447057e+03   6.9101731500284211e+02
   3.7753980325959347e+07  -1.7721194420890339e+07  -6.5382689445769563e+06   1.3691986436403977e+03   2.6625056292498807e+03   6.9105196172900048e+02
   3.7755349424589723e+07  -1.7718531868315466e+07  -6.5375778752933899e+06   1.3689986159057792e+03   2.6625995181496614e+03   6.9108660479400146e+02
   3.7756718323188737e+07  -1.7715869221858747e+07  -6.5368867713685893e+06   1.3687985809152303e+03   2.6626933929435495e+03   6.9112124419766110e+02
   3.7758087021749139e+07  -1.7713206481534287e+07  -6.5361956328062145e+06   1.3685985386698110e+03   2.6627872536310479e+03   6.9115587993979614e+02
   3.7759455520263664e+07  -1.7710543647356190e+07  -6.5355044596099295e+06   1.3683984891705800e+03   2.6628811002116586e+03   6.9119051202022285e+02
   3.7760823818725064e+07  -1.7707880719338562e+07  -6.5348132517833952e+06   1.3681984324185967e+03   2.6629749326848842e+03   6.9122514043875765e+02
   3.7762191917126082e+07  -1.7705217697495520e+07  -6.5341220093302727e+06   1.3679983684149204e+03   2.6630687510502271e+03   6.9125976519521714e+02
   3.7763559815459475e+07  -1.7702554581841167e+07  -6.5334307322542258e+06   1.3677982971606109e+03   2.6631625553071899e+03   6.9129438628941762e+02
   3.7764927513717987e+07  -1.7699891372389611e+07  -6.5327394205589155e+06   1.3675982186567276e+03   2.6632563454552751e+03   6.9132900372117570e+02
   3.7766295011894375e+07  -1.7697228069154963e+07  -6.5320480742480038e+06   1.3673981329043299e+03   2.6633501214939861e+03   6.9136361749030777e+02
   3.7767662309981383e+07  -1.7694564672151331e+07  -6.5313566933251554e+06   1.3671980399044774e+03   2.6634438834228254e+03   6.9139822759663048e+02
   3.7769029407971770e+07  -1.7691901181392822e+07  -6.5306652777940324e+06   1.3669979396582296e+03   2.6635376312412959e+03   6.9143283403996043e+02
   3.7770396305858284e+07  -1.7689237596893553e+07  -6.5299738276582966e+06   1.3667978321666462e+03   2.6636313649489011e+03   6.9146743682011413e+02
   3.7771763003633685e+07  -1.7686573918667626e+07  -6.5292823429216137e+06   1.3665977174307868e+03   2.6637250845451435e+03   6.9150203593690821e+02
   3.7773129501290724e+07  -1.7683910146729160e+07  -6.5285908235876448e+06   1.3663975954517111e+03   2.6638187900295270e+03   6.9153663139015919e+02
   3.7774495798822165e+07  -1.7681246281092267e+07  -6.5278992696600547e+06   1.3661974662304788e+03   2.6639124814015536e+03   6.9157122317968378e+02
   3.7775861896220766e+07  -1.7678582321771063e+07  -6.5272076811425071e+06   1.3659973297681497e+03   2.6640061586607276e+03   6.9160581130529840e+02
   3.7777227793479286e+07  -1.7675918268779654e+07  -6.5265160580386659e+06   1.3657971860657835e+03   2.6640998218065524e+03   6.9164039576682001e+02
   3.7778593490590483e+07  -1.7673254122132152e+07  -6.5258244003521949e+06   1.3655970351244403e+03   2.6641934708385306e+03   6.9167497656406533e+02
   3.7779958987547122e+07  -1.7670589881842680e+07  -6.5251327080867598e+06   1.3653968769451797e+03   2.6642871057561670e+03   6.9170955369685100e+02
   3.7781324284341961e+07  -1.7667925547925346e+07  -6.5244409812460234e+06   1.3651967115290620e+03   2.6643807265589644e+03   6.9174412716499353e+02
   3.7782689380967773e+07  -1.7665261120394267e+07  -6.5237492198336525e+06   1.3649965388771470e+03   2.6644743332464268e+03   6.9177869696830999e+02
   3.7784054277417302e+07  -1.7662596599263560e+07  -6.5230574238533089e+06   1.3647963589904946e+03   2.6645679258180576e+03   6.9181326310661689e+02
   3.7785418973683327e+07  -1.7659931984547339e+07  -6.5223655933086593e+06   1.3645961718701647e+03   2.6646615042733611e+03   6.9184782557973131e+02
   3.7786783469758622e+07  -1.7657267276259720e+07  -6.5216737282033693e+06   1.3643959775172177e+03   2.6647550686118402e+03   6.9188238438746976e+02
   3.7788147765635945e+07  -1.7654602474414822e+07  -6.5209818285411056e+06   1.3641957759327138e+03   2.6648486188329998e+03   6.9191693952964920e+02
   3.7789511861308068e+07  -1.7651937579026762e+07  -6.5202898943255320e+06   1.3639955671177129e+03   2.6649421549363437e+03   6.9195149100608648e+02
   3.7790875756767772e+07  -1.7649272590109654e+07  -6.5195979255603142e+06   1.3637953510732752e+03   2.6650356769213763e+03   6.9198603881659847e+02
   3.7792239452007815e+07  -1.7646607507677622e+07  -6.5189059222491207e+06   1.3635951278004613e+03   2.6651291847876009e+03   6.9202058296100199e+02
   3.7793602947020970e+07  -1.7643942331744783e+07  -6.5182138843956152e+06   1.3633948973003312e+03   2.6652226785345229e+03   6.9205512343911391e+02
   3.7794966241800010e+07  -1.7641277062325262e+07  -6.5175218120034644e+06   1.3631946595739453e+03   2.6653161581616459e+03   6.9208966025075131e+02
   3.7796329336337715e+07  -1.7638611699433170e+07  -6.5168297050763350e+06   1.3629944146223636e+03   2.6654096236684754e+03   6.9212419339573103e+02
   3.7797692230626851e+07  -1.7635946243082631e+07  -6.5161375636178954e+06   1.3627941624466469e+03   2.6655030750545143e+03   6.9215872287387015e+02
   3.7799054924660198e+07  -1.7633280693287771e+07  -6.5154453876318103e+06   1.3625939030478555e+03   2.6655965123192682e+03   6.9219324868498552e+02
   3.7800417418430537e+07  -1.7630615050062705e+07  -6.5147531771217473e+06   1.3623936364270501e+03   2.6656899354622415e+03   6.9222777082889422e+02
   3.7801779711930640e+07  -1.7627949313421551e+07  -6.5140609320913749e+06   1.3621933625852907e+03   2.6657833444829389e+03   6.9226228930541322e+02
   3.7803141805153295e+07  -1.7625283483378444e+07  -6.5133686525443587e+06   1.3619930815236380e+03   2.6658767393808648e+03   6.9229680411435947e+02
   3.7804503698091276e+07  -1.7622617559947502e+07  -6.5126763384843683e+06   1.3617927932431530e+03   2.6659701201555249e+03   6.9233131525555018e+02
   3.7805865390737370e+07  -1.7619951543142844e+07  -6.5119839899150701e+06   1.3615924977448958e+03   2.6660634868064235e+03   6.9236582272880230e+02
   3.7807226883084364e+07  -1.7617285432978597e+07  -6.5112916068401337e+06   1.3613921950299271e+03   2.6661568393330663e+03   6.9240032653393303e+02
   3.7808588175125025e+07  -1.7614619229468886e+07  -6.5105991892632255e+06   1.3611918850993077e+03   2.6662501777349580e+03   6.9243482667075943e+02
   3.7809949266852155e+07  -1.7611952932627838e+07  -6.5099067371880142e+06   1.3609915679540984e+03   2.6663435020116035e+03   6.9246932313909883e+02
   3.7811310158258528e+07  -1.7609286542469576e+07  -6.5092142506181691e+06   1.3607912435953601e+03   2.6664368121625084e+03   6.9250381593876807e+02
   3.7812670849336937e+07  -1.7606620059008226e+07  -6.5085217295573605e+06   1.3605909120241536e+03   2.6665301081871780e+03   6.9253830506958445e+02
   3.7814031340080172e+07  -1.7603953482257914e+07  -6.5078291740092551e+06   1.3603905732415396e+03   2.6666233900851184e+03   6.9257279053136529e+02
   3.7815391630481027e+07  -1.7601286812232766e+07  -6.5071365839775214e+06   1.3601902272485790e+03   2.6667166578558345e+03   6.9260727232392765e+02
   3.7816751720532276e+07  -1.7598620048946913e+07  -6.5064439594658297e+06   1.3599898740463327e+03   2.6668099114988313e+03   6.9264175044708873e+02
   3.7818111610226713e+07  -1.7595953192414477e+07  -6.5057513004778503e+06   1.3597895136358616e+03   2.6669031510136147e+03   6.9267622490066606e+02
   3.7819471299557142e+07  -1.7593286242649592e+07  -6.5050586070172517e+06   1.3595891460182270e+03   2.6669963763996902e+03   6.9271069568447672e+02
   3.7820830788516350e+07  -1.7590619199666385e+07  -6.5043658790877042e+06   1.3593887711944899e+03   2.6670895876565642e+03   6.9274516279833790e+02
   3.7822190077097133e+07  -1.7587952063478984e+07  -6.5036731166928792e+06   1.3591883891657112e+03   2.6671827847837421e+03   6.9277962624206702e+02
   3.7823549165292278e+07  -1.7585284834101528e+07  -6.5029803198364452e+06   1.3589879999329519e+03   2.6672759677807298e+03   6.9281408601548139e+02
   3.7824908053094588e+07  -1.7582617511548135e+07  -6.5022874885220723e+06   1.3587876034972730e+03   2.6673691366470339e+03   6.9284854211839843e+02
   3.7826266740496866e+07  -1.7579950095832940e+07  -6.5015946227534320e+06   1.3585871998597363e+03   2.6674622913821599e+03   6.9288299455063543e+02
   3.7827625227491908e+07  -1.7577282586970080e+07  -6.5009017225341955e+06   1.3583867890214030e+03   2.6675554319856137e+03   6.9291744331200994e+02
   3.7828983514072515e+07  -1.7574614984973684e+07  -6.5002087878680322e+06   1.3581863709833340e+03   2.6676485584569023e+03   6.9295188840233914e+02
   3.7830341600231469e+07  -1.7571947289857879e+07  -6.4995158187586144e+06   1.3579859457465905e+03   2.6677416707955313e+03   6.9298632982144056e+02
   3.7831699485961594e+07  -1.7569279501636803e+07  -6.4988228152096123e+06   1.3577855133122339e+03   2.6678347690010078e+03   6.9302076756913164e+02
   3.7833057171255693e+07  -1.7566611620324589e+07  -6.4981297772246990e+06   1.3575850736813263e+03   2.6679278530728375e+03   6.9305520164522989e+02
   3.7834414656106554e+07  -1.7563943645935372e+07  -6.4974367048075451e+06   1.3573846268549285e+03   2.6680209230105274e+03   6.9308963204955262e+02
   3.7835771940506995e+07  -1.7561275578483280e+07  -6.4967435979618235e+06   1.3571841728341017e+03   2.6681139788135838e+03   6.9312405878191760e+02
   3.7837129024449818e+07  -1.7558607417982452e+07  -6.4960504566912046e+06   1.3569837116199078e+03   2.6682070204815136e+03   6.9315848184214224e+02
   3.7838485907927833e+07  -1.7555939164447028e+07  -6.4953572809993625e+06   1.3567832432134082e+03   2.6683000480138235e+03   6.9319290123004419e+02
   3.7839842590933852e+07  -1.7553270817891140e+07  -6.4946640708899694e+06   1.3565827676156648e+03   2.6683930614100204e+03   6.9322731694544086e+02
   3.7841199073460676e+07  -1.7550602378328923e+07  -6.4939708263666974e+06   1.3563822848277389e+03   2.6684860606696111e+03   6.9326172898814968e+02
   3.7842555355501115e+07  -1.7547933845774516e+07  -6.4932775474332180e+06   1.3561817948506921e+03   2.6685790457921025e+03   6.9329613735798841e+02
   3.7843911437047988e+07  -1.7545265220242057e+07  -6.4925842340932060e+06   1.3559812976855862e+03   2.6686720167770018e+03   6.9333054205477470e+02
   3.7845267318094097e+07  -1.7542596501745678e+07  -6.4918908863503318e+06   1.3557807933334830e+03   2.6687649736238154e+03   6.9336494307832629e+02
   3.7846622998632260e+07  -1.7539927690299522e+07  -6.4911975042082723e+06   1.3555802817954441e+03   2.6688579163320510e+03   6.9339934042846085e+02
   3.7847978478655294e+07  -1.7537258785917725e+07  -6.4905040876706997e+06   1.3553797630725314e+03   2.6689508449012164e+03   6.9343373410499578e+02
   3.7849333758156009e+07  -1.7534589788614433e+07  -6.4898106367412880e+06   1.3551792371658069e+03   2.6690437593308184e+03   6.9346812410774908e+02
   3.7850688837127231e+07  -1.7531920698403779e+07  -6.4891171514237095e+06   1.3549787040763322e+03   2.6691366596203643e+03   6.9350251043653839e+02
   3.7852043715561777e+07  -1.7529251515299909e+07  -6.4884236317216400e+06   1.3547781638051695e+03   2.6692295457693626e+03   6.9353689309118124e+02
   3.7853398393452458e+07  -1.7526582239316959e+07  -6.4877300776387528e+06   1.3545776163533803e+03   2.6693224177773191e+03   6.9357127207149574e+02
   3.7854752870792098e+07  -1.7523912870469067e+07  -6.4870364891787227e+06   1.3543770617220273e+03   2.6694152756437429e+03   6.9360564737729931e+02
   3.7856107147573508e+07  -1.7521243408770382e+07  -6.4863428663452240e+06   1.3541764999121722e+03   2.6695081193681413e+03   6.9364001900840992e+02
   3.7857461223789513e+07  -1.7518573854235046e+07  -6.4856492091419315e+06   1.3539759309248766e+03   2.6696009489500216e+03   6.9367438696464546e+02
   3.7858815099432960e+07  -1.7515904206877194e+07  -6.4849555175725203e+06   1.3537753547612033e+03   2.6696937643888923e+03   6.9370875124582369e+02
   3.7860168774496652e+07  -1.7513234466710977e+07  -6.4842617916406654e+06   1.3535747714222141e+03   2.6697865656842614e+03   6.9374311185176236e+02
   3.7861522248973414e+07  -1.7510564633750539e+07  -6.4835680313500417e+06   1.3533741809089711e+03   2.6698793528356359e+03   6.9377746878227958e+02
   3.7862875522856079e+07  -1.7507894708010018e+07  -6.4828742367043262e+06   1.3531735832225365e+03   2.6699721258425252e+03   6.9381182203719300e+02
   3.7864228596137464e+07  -1.7505224689503565e+07  -6.4821804077071939e+06   1.3529729783639730e+03   2.6700648847044367e+03   6.9384617161632082e+02
   3.7865581468810417e+07  -1.7502554578245323e+07  -6.4814865443623196e+06   1.3527723663343427e+03   2.6701576294208789e+03   6.9388051751948069e+02
   3.7866934140867747e+07  -1.7499884374249440e+07  -6.4807926466733804e+06   1.3525717471347077e+03   2.6702503599913607e+03   6.9391485974649072e+02
   3.7868286612302288e+07  -1.7497214077530056e+07  -6.4800987146440521e+06   1.3523711207661306e+03   2.6703430764153895e+03   6.9394919829716889e+02
   3.7869638883106880e+07  -1.7494543688101325e+07  -6.4794047482780106e+06   1.3521704872296737e+03   2.6704357786924738e+03   6.9398353317133308e+02
   3.7870990953274354e+07  -1.7491873205977391e+07  -6.4787107475789338e+06   1.3519698465263998e+03   2.6705284668221229e+03   6.9401786436880138e+02
   3.7872342822797552e+07  -1.7489202631172404e+07  -6.4780167125504985e+06   1.3517691986573709e+03   2.6706211408038448e+03   6.9405219188939191e+02
   3.7873694491669297e+07  -1.7486531963700503e+07  -6.4773226431963798e+06   1.3515685436236497e+03   2.6707138006371488e+03   6.9408651573292252e+02
   3.7875045959882416e+07  -1.7483861203575846e+07  -6.4766285395202572e+06   1.3513678814262989e+03   2.6708064463215428e+03   6.9412083589921133e+02
   3.7876397227429755e+07  -1.7481190350812577e+07  -6.4759344015258066e+06   1.3511672120663811e+03   2.6708990778565362e+03   6.9415515238807654e+02
   3.7877748294304162e+07  -1.7478519405424848e+07  -6.4752402292167060e+06   1.3509665355449588e+03   2.6709916952416384e+03   6.9418946519933627e+02
   3.7879099160498463e+07  -1.7475848367426805e+07  -6.4745460225966340e+06   1.3507658518630947e+03   2.6710842984763572e+03   6.9422377433280849e+02
   3.7880449826005496e+07  -1.7473177236832608e+07  -6.4738517816692665e+06   1.3505651610218515e+03   2.6711768875602024e+03   6.9425807978831142e+02
   3.7881800290818110e+07  -1.7470506013656404e+07  -6.4731575064382832e+06   1.3503644630222921e+03   2.6712694624926830e+03   6.9429238156566316e+02
   3.7883150554929152e+07  -1.7467834697912339e+07  -6.4724631969073620e+06   1.3501637578654788e+03   2.6713620232733083e+03   6.9432667966468193e+02
   3.7884500618331455e+07  -1.7465163289614569e+07  -6.4717688530801795e+06   1.3499630455524750e+03   2.6714545699015875e+03   6.9436097408518606e+02
   3.7885850481017873e+07  -1.7462491788777247e+07  -6.4710744749604175e+06   1.3497623260843434e+03   2.6715471023770301e+03   6.9439526482699364e+02
   3.7887200142981239e+07  -1.7459820195414532e+07  -6.4703800625517527e+06   1.3495615994621469e+03   2.6716396206991453e+03   6.9442955188992289e+02
   3.7888549604214408e+07  -1.7457148509540569e+07  -6.4696856158578638e+06   1.3493608656869487e+03   2.6717321248674430e+03   6.9446383527379226e+02
   3.7889898864710219e+07  -1.7454476731169514e+07  -6.4689911348824315e+06   1.3491601247598114e+03   2.6718246148814314e+03   6.9449811497841984e+02
   3.7891247924461529e+07  -1.7451804860315524e+07  -6.4682966196291344e+06   1.3489593766817982e+03   2.6719170907406219e+03   6.9453239100362396e+02
   3.7892596783461191e+07  -1.7449132896992750e+07  -6.4676020701016514e+06   1.3487586214539722e+03   2.6720095524445242e+03   6.9456666334922318e+02
   3.7893945441702053e+07  -1.7446460841215353e+07  -6.4669074863036619e+06   1.3485578590773964e+03   2.6721019999926466e+03   6.9460093201503560e+02
   3.7895293899176963e+07  -1.7443788692997489e+07  -6.4662128682388468e+06   1.3483570895531341e+03   2.6721944333845004e+03   6.9463519700087966e+02
   3.7896642155878775e+07  -1.7441116452353306e+07  -6.4655182159108864e+06   1.3481563128822481e+03   2.6722868526195944e+03   6.9466945830657357e+02
   3.7897990211800344e+07  -1.7438444119296968e+07  -6.4648235293234596e+06   1.3479555290658018e+03   2.6723792576974402e+03   6.9470371593193590e+02
   3.7899338066934526e+07  -1.7435771693842627e+07  -6.4641288084802479e+06   1.3477547381048585e+03   2.6724716486175462e+03   6.9473796987678509e+02
   3.7900685721274175e+07  -1.7433099176004454e+07  -6.4634340533849327e+06   1.3475539400004814e+03   2.6725640253794236e+03   6.9477222014093945e+02
   3.7902033174812146e+07  -1.7430426565796595e+07  -6.4627392640411928e+06   1.3473531347537341e+03   2.6726563879825826e+03   6.9480646672421767e+02
   3.7903380427541301e+07  -1.7427753863233209e+07  -6.4620444404527107e+06   1.3471523223656795e+03   2.6727487364265339e+03   6.9484070962643807e+02
   3.7904727479454495e+07  -1.7425081068328459e+07  -6.4613495826231670e+06   1.3469515028373814e+03   2.6728410707107869e+03   6.9487494884741909e+02
   3.7906074330544598e+07  -1.7422408181096505e+07  -6.4606546905562431e+06   1.3467506761699030e+03   2.6729333908348526e+03   6.9490918438697929e+02
   3.7907420980804466e+07  -1.7419735201551508e+07  -6.4599597642556205e+06   1.3465498423643078e+03   2.6730256967982414e+03   6.9494341624493734e+02
   3.7908767430226952e+07  -1.7417062129707631e+07  -6.4592648037249809e+06   1.3463490014216595e+03   2.6731179886004643e+03   6.9497764442111156e+02
   3.7910113678804934e+07  -1.7414388965579033e+07  -6.4585698089680066e+06   1.3461481533430217e+03   2.6732102662410321e+03   6.9501186891532075e+02
   3.7911459726531260e+07  -1.7411715709179875e+07  -6.4578747799883783e+06   1.3459472981294580e+03   2.6733025297194549e+03   6.9504608972738333e+02
   3.7912805573398821e+07  -1.7409042360524319e+07  -6.4571797167897783e+06   1.3457464357820318e+03   2.6733947790352440e+03   6.9508030685711810e+02
   3.7914151219400458e+07  -1.7406368919626527e+07  -6.4564846193758901e+06   1.3455455663018067e+03   2.6734870141879110e+03   6.9511452030434350e+02
   3.7915496664529040e+07  -1.7403695386500664e+07  -6.4557894877503961e+06   1.3453446896898465e+03   2.6735792351769660e+03   6.9514873006887831e+02
   3.7916841908777446e+07  -1.7401021761160895e+07  -6.4550943219169797e+06   1.3451438059472150e+03   2.6736714420019198e+03   6.9518293615054108e+02
   3.7918186952138558e+07  -1.7398348043621384e+07  -6.4543991218793234e+06   1.3449429150749761e+03   2.6737636346622844e+03   6.9521713854915049e+02
   3.7919531794605225e+07  -1.7395674233896293e+07  -6.4537038876411095e+06   1.3447420170741937e+03   2.6738558131575705e+03   6.9525133726452543e+02
   3.7920876436170340e+07  -1.7393000331999790e+07  -6.4530086192060225e+06   1.3445411119459311e+03   2.6739479774872898e+03   6.9528553229648458e+02
   3.7922220876826748e+07  -1.7390326337946042e+07  -6.4523133165777447e+06   1.3443401996912526e+03   2.6740401276509538e+03   6.9531972364484659e+02
   3.7923565116567336e+07  -1.7387652251749210e+07  -6.4516179797599604e+06   1.3441392803112219e+03   2.6741322636480731e+03   6.9535391130943037e+02
   3.7924909155384995e+07  -1.7384978073423468e+07  -6.4509226087563531e+06   1.3439383538069033e+03   2.6742243854781600e+03   6.9538809529005459e+02
   3.7926252993272588e+07  -1.7382303802982975e+07  -6.4502272035706080e+06   1.3437374201793607e+03   2.6743164931407259e+03   6.9542227558653815e+02
   3.7927596630222991e+07  -1.7379629440441906e+07  -6.4495317642064085e+06   1.3435364794296581e+03   2.6744085866352830e+03   6.9545645219869982e+02
   3.7928940066229075e+07  -1.7376954985814426e+07  -6.4488362906674389e+06   1.3433355315588597e+03   2.6745006659613423e+03   6.9549062512635862e+02
   3.7930283301283732e+07  -1.7374280439114705e+07  -6.4481407829573834e+06   1.3431345765680296e+03   2.6745927311184155e+03   6.9552479436933311e+02
   3.7931626335379839e+07  -1.7371605800356906e+07  -6.4474452410799274e+06   1.3429336144582314e+03   2.6746847821060155e+03   6.9555895992744229e+02
   3.7932969168510273e+07  -1.7368931069555212e+07  -6.4467496650387570e+06   1.3427326452305299e+03   2.6747768189236535e+03   6.9559312180050517e+02
   3.7934311800667927e+07  -1.7366256246723782e+07  -6.4460540548375556e+06   1.3425316688859891e+03   2.6748688415708421e+03   6.9562727998834055e+02
   3.7935654231845677e+07  -1.7363581331876792e+07  -6.4453584104800094e+06   1.3423306854256734e+03   2.6749608500470927e+03   6.9566143449076753e+02
   3.7936996462036408e+07  -1.7360906325028412e+07  -6.4446627319698026e+06   1.3421296948506470e+03   2.6750528443519174e+03   6.9569558530760492e+02
   3.7938338491233006e+07  -1.7358231226192810e+07  -6.4439670193106215e+06   1.3419286971619742e+03   2.6751448244848298e+03   6.9572973243867170e+02
   3.7939680319428362e+07  -1.7355556035384163e+07  -6.4432712725061541e+06   1.3417276923607199e+03   2.6752367904453417e+03   6.9576387588378702e+02
   3.7941021946615353e+07  -1.7352880752616644e+07  -6.4425754915600829e+06   1.3415266804479479e+03   2.6753287422329645e+03   6.9579801564276988e+02
   3.7942363372786887e+07  -1.7350205377904423e+07  -6.4418796764760967e+06   1.3413256614247230e+03   2.6754206798472114e+03   6.9583215171543918e+02
   3.7943704597935833e+07  -1.7347529911261674e+07  -6.4411838272578819e+06   1.3411246352921096e+03   2.6755126032875951e+03   6.9586628410161404e+02
   3.7945045622055091e+07  -1.7344854352702569e+07  -6.4404879439091235e+06   1.3409236020511721e+03   2.6756045125536284e+03   6.9590041280111348e+02
   3.7946386445137560e+07  -1.7342178702241287e+07  -6.4397920264335088e+06   1.3407225617029751e+03   2.6756964076448239e+03   6.9593453781375672e+02
   3.7947727067176126e+07  -1.7339502959892005e+07  -6.4390960748347249e+06   1.3405215142485831e+03   2.6757882885606946e+03   6.9596865913936290e+02
   3.7949067488163687e+07  -1.7336827125668894e+07  -6.4384000891164597e+06   1.3403204596890612e+03   2.6758801553007529e+03   6.9600277677775114e+02
   3.7950407708093137e+07  -1.7334151199586131e+07  -6.4377040692823995e+06   1.3401193980254736e+03   2.6759720078645123e+03   6.9603689072874056e+02
   3.7951747726957373e+07  -1.7331475181657892e+07  -6.4370080153362313e+06   1.3399183292588853e+03   2.6760638462514858e+03   6.9607100099215040e+02
   3.7953087544749290e+07  -1.7328799071898352e+07  -6.4363119272816433e+06   1.3397172533903611e+03   2.6761556704611858e+03   6.9610510756779968e+02
   3.7954427161461785e+07  -1.7326122870321691e+07  -6.4356158051223243e+06   1.3395161704209659e+03   2.6762474804931262e+03   6.9613921045550785e+02
   3.7955766577087767e+07  -1.7323446576942090e+07  -6.4349196488619614e+06   1.3393150803517644e+03   2.6763392763468205e+03   6.9617330965509393e+02
   3.7957105791620120e+07  -1.7320770191773720e+07  -6.4342234585042438e+06   1.3391139831838211e+03   2.6764310580217807e+03   6.9620740516637750e+02
   3.7958444805051759e+07  -1.7318093714830767e+07  -6.4335272340528592e+06   1.3389128789182014e+03   2.6765228255175216e+03   6.9624149698917745e+02
   3.7959783617375582e+07  -1.7315417146127407e+07  -6.4328309755114960e+06   1.3387117675559700e+03   2.6766145788335562e+03   6.9627558512331336e+02
   3.7961122228584498e+07  -1.7312740485677823e+07  -6.4321346828838428e+06   1.3385106490981921e+03   2.6767063179693978e+03   6.9630966956860436e+02
   3.7962460638671413e+07  -1.7310063733496197e+07  -6.4314383561735880e+06   1.3383095235459323e+03   2.6767980429245604e+03   6.9634375032486992e+02
   3.7963798847629227e+07  -1.7307386889596701e+07  -6.4307419953844212e+06   1.3381083909002562e+03   2.6768897536985573e+03   6.9637782739192937e+02
   3.7965136855450846e+07  -1.7304709953993525e+07  -6.4300456005200325e+06   1.3379072511622285e+03   2.6769814502909030e+03   6.9641190076960208e+02
   3.7966474662129179e+07  -1.7302032926700849e+07  -6.4293491715841116e+06   1.3377061043329145e+03   2.6770731327011099e+03   6.9644597045770740e+02
   3.7967812267657153e+07  -1.7299355807732850e+07  -6.4286527085803477e+06   1.3375049504133797e+03   2.6771648009286937e+03   6.9648003645606479e+02
   3.7969149672027655e+07  -1.7296678597103719e+07  -6.4279562115124296e+06   1.3373037894046888e+03   2.6772564549731678e+03   6.9651409876449361e+02
   3.7970486875233598e+07  -1.7294001294827636e+07  -6.4272596803840483e+06   1.3371026213079072e+03   2.6773480948340462e+03   6.9654815738281332e+02
   3.7971823877267905e+07  -1.7291323900918782e+07  -6.4265631151988935e+06   1.3369014461241002e+03   2.6774397205108430e+03   6.9658221231084349e+02
   3.7973160678123482e+07  -1.7288646415391341e+07  -6.4258665159606570e+06   1.3367002638543329e+03   2.6775313320030723e+03   6.9661626354840348e+02
   3.7974497277793244e+07  -1.7285968838259503e+07  -6.4251698826730270e+06   1.3364990744996712e+03   2.6776229293102492e+03   6.9665031109531287e+02
   3.7975833676270112e+07  -1.7283291169537447e+07  -6.4244732153396960e+06   1.3362978780611802e+03   2.6777145124318868e+03   6.9668435495139136e+02
   3.7977169873547003e+07  -1.7280613409239363e+07  -6.4237765139643550e+06   1.3360966745399255e+03   2.6778060813675002e+03   6.9671839511645828e+02
   3.7978505869616829e+07  -1.7277935557379436e+07  -6.4230797785506938e+06   1.3358954639369726e+03   2.6778976361166042e+03   6.9675243159033334e+02
   3.7979841664472513e+07  -1.7275257613971859e+07  -6.4223830091024050e+06   1.3356942462533866e+03   2.6779891766787136e+03   6.9678646437283589e+02
   3.7981177258106969e+07  -1.7272579579030812e+07  -6.4216862056231787e+06   1.3354930214902333e+03   2.6780807030533424e+03   6.9682049346378574e+02
   3.7982512650513135e+07  -1.7269901452570483e+07  -6.4209893681167075e+06   1.3352917896485783e+03   2.6781722152400057e+03   6.9685451886300245e+02
   3.7983847841683917e+07  -1.7267223234605059e+07  -6.4202924965866841e+06   1.3350905507294872e+03   2.6782637132382174e+03   6.9688854057030574e+02
   3.7985182831612237e+07  -1.7264544925148737e+07  -6.4195955910367994e+06   1.3348893047340255e+03   2.6783551970474937e+03   6.9692255858551528e+02
   3.7986517620291024e+07  -1.7261866524215698e+07  -6.4188986514707450e+06   1.3346880516632593e+03   2.6784466666673488e+03   6.9695657290845065e+02
   3.7987852207713202e+07  -1.7259188031820133e+07  -6.4182016778922137e+06   1.3344867915182542e+03   2.6785381220972981e+03   6.9699058353893167e+02
   3.7989186593871698e+07  -1.7256509447976232e+07  -6.4175046703048972e+06   1.3342855243000758e+03   2.6786295633368577e+03   6.9702459047677792e+02
   3.7990520778759442e+07  -1.7253830772698190e+07  -6.4168076287124902e+06   1.3340842500097901e+03   2.6787209903855414e+03   6.9705859372180930e+02
   3.7991854762369357e+07  -1.7251152006000191e+07  -6.4161105531186853e+06   1.3338829686484630e+03   2.6788124032428650e+03   6.9709259327384541e+02
   3.7993188544694379e+07  -1.7248473147896431e+07  -6.4154134435271751e+06   1.3336816802171604e+03   2.6789038019083432e+03   6.9712658913270616e+02
   3.7994522125727437e+07  -1.7245794198401105e+07  -6.4147162999416515e+06   1.3334803847169480e+03   2.6789951863814927e+03   6.9716058129821135e+02
   3.7995855505461462e+07  -1.7243115157528404e+07  -6.4140191223658081e+06   1.3332790821488916e+03   2.6790865566618281e+03   6.9719456977018081e+02
   3.7997188683889374e+07  -1.7240436025292516e+07  -6.4133219108033413e+06   1.3330777725140576e+03   2.6791779127488653e+03   6.9722855454843432e+02
   3.7998521661004134e+07  -1.7237756801707640e+07  -6.4126246652579419e+06   1.3328764558135119e+03   2.6792692546421194e+03   6.9726253563279181e+02
   3.7999854436798654e+07  -1.7235077486787967e+07  -6.4119273857333055e+06   1.3326751320483206e+03   2.6793605823411071e+03   6.9729651302307320e+02
   3.8001187011265874e+07  -1.7232398080547690e+07  -6.4112300722331265e+06   1.3324738012195498e+03   2.6794518958453441e+03   6.9733048671909819e+02
   3.8002519384398736e+07  -1.7229718583001010e+07  -6.4105327247610986e+06   1.3322724633282655e+03   2.6795431951543455e+03   6.9736445672068692e+02
   3.8003851556190178e+07  -1.7227038994162116e+07  -6.4098353433209164e+06   1.3320711183755341e+03   2.6796344802676272e+03   6.9739842302765931e+02
   3.8005183526633136e+07  -1.7224359314045209e+07  -6.4091379279162753e+06   1.3318697663624218e+03   2.6797257511847065e+03   6.9743238563983516e+02
   3.8006515295720555e+07  -1.7221679542664479e+07  -6.4084404785508690e+06   1.3316684072899950e+03   2.6798170079050992e+03   6.9746634455703463e+02
   3.8007846863445364e+07  -1.7218999680034131e+07  -6.4077429952283930e+06   1.3314670411593199e+03   2.6799082504283201e+03   6.9750029977907764e+02
   3.8009178229800515e+07  -1.7216319726168357e+07  -6.4070454779525427e+06   1.3312656679714630e+03   2.6799994787538867e+03   6.9753425130578421e+02
   3.8010509394778952e+07  -1.7213639681081358e+07  -6.4063479267270137e+06   1.3310642877274902e+03   2.6800906928813147e+03   6.9756819913697427e+02
   3.8011840358373620e+07  -1.7210959544787325e+07  -6.4056503415555004e+06   1.3308629004284678e+03   2.6801818928101220e+03   6.9760214327246808e+02
